clReferenceTree <-
structure(list(edge = structure(c(23L, 24L, 25L, 26L, 27L, 28L, 
29L, 30L, 31L, 32L, 33L, 34L, 35L, 35L, 34L, 33L, 32L, 31L, 30L, 
29L, 28L, 27L, 26L, 25L, 36L, 36L, 37L, 38L, 38L, 39L, 39L, 40L, 
40L, 37L, 41L, 41L, 24L, 42L, 42L, 43L, 43L, 23L, 24L, 25L, 26L, 
27L, 28L, 29L, 30L, 31L, 32L, 33L, 34L, 35L, 1L, 2L, 3L, 4L, 
5L, 6L, 7L, 8L, 9L, 10L, 11L, 36L, 12L, 37L, 38L, 13L, 39L, 14L, 
40L, 15L, 16L, 41L, 17L, 18L, 42L, 19L, 43L, 20L, 21L, 22L), .Dim = c(42L, 
2L)), tip.label = c("2", "3", "4", "5", "6", "7", "8", "9", "10", 
"11", "12", "19", "18", "17", "15", "16", "13", "14", "20", "21", 
"22", "1"), Nnode = 21L), class = "phylo", order = "cladewise")
